[DEFAULT]
cube_size = 64
min_num = 64
resolution = 2048

[R1]
scale = 0.625
ckpt_dir = ./checkpoints/hyper/a0.75b3/
rho_d1 = 1.3200000000000003
rho_d2 = 0.6799999999999998

[R2]
scale = 1.0
ckpt_dir = ./checkpoints/hyper/a0.75b3/
rho_d1 = 1.4000000000000004
rho_d2 = 0.8799999999999999

[R3]
scale = 1.0
ckpt_dir = ./checkpoints/hyper/a2b3/
rho_d1 = 1.06
rho_d2 = 0.94

[R4]
scale = 1.0
ckpt_dir = ./checkpoints/hyper/a3.5b3/
rho_d1 = 1.02
rho_d2 = 0.96

[R5]
scale = 1.0
ckpt_dir = ./checkpoints/hyper/a6b3/
rho_d1 = 1.02
rho_d2 = 0.96

[R6]
scale = 1.0
ckpt_dir = ./checkpoints/hyper/a10b3/
rho_d1 = 1.0
rho_d2 = 0.98

[R7]
scale = 1.0
ckpt_dir = ./checkpoints/hyper/a16b3/
rho_d1 = 1.0
rho_d2 = 0.98

