[DEFAULT]
cube_size = 64
min_num = 64
resolution = 512

[R1]
scale = 0.625
ckpt_dir = ./checkpoints/hyper/a0.75b3/
rho_d1 = 1.0
rho_d2 = 0.6799999999999998

[R2]
scale = 1.0
ckpt_dir = ./checkpoints/hyper/a0.75b3/
rho_d1 = 1.0
rho_d2 = 0.7999999999999998

[R3]
scale = 1.0
ckpt_dir = ./checkpoints/hyper/a2b3/
rho_d1 = 1.0
rho_d2 = 0.9199999999999999

[R4]
scale = 1.0
ckpt_dir = ./checkpoints/hyper/a3.5b3/
rho_d1 = 1.0
rho_d2 = 0.94

[R5]
scale = 1.0
ckpt_dir = ./checkpoints/hyper/a6b3/
rho_d1 = 1.02
rho_d2 = 0.96

[R6]
scale = 1.0
ckpt_dir = ./checkpoints/hyper/a10b3/
rho_d1 = 1.02
rho_d2 = 0.96

[R7]
scale = 1.0
ckpt_dir = ./checkpoints/hyper/a16b3/
rho_d1 = 1.02
rho_d2 = 0.96

