[DEFAULT]
cube_size = 64
min_num = 20
resolution = 512

[R1]
scale = 0.625
ckpt_dir = ./checkpoints/factorized/a2b3/
rho_d1 = 1.02
rho_d2 = 0.6799999999999998

[R2]
scale = 1.0
ckpt_dir = ./checkpoints/factorized/a2b3/
rho_d1 = 1.0
rho_d2 = 0.8399999999999999

[R3]
scale = 1.0
ckpt_dir = ./checkpoints/factorized/a3b3/
rho_d1 = 1.04
rho_d2 = 0.8799999999999999

[R4]
scale = 1.0
ckpt_dir = ./checkpoints/factorized/a3b2/
rho_d1 = 1.04
rho_d2 = 0.9199999999999999

[R5]
scale = 1.0
ckpt_dir = ./checkpoints/factorized/a5b2/
rho_d1 = 1.02
rho_d2 = 0.94

